0.170061 -0.504766 -0.274939 0
0.201697 -0.504766 -0.311223 0
0.201697 -0.504766 -0.274939 0
0.170061 -0.504766 -0.311223 0
0.201697 -0.177721 -0.274939 0
0.170061 -0.177721 -0.311223 0
0.201697 -0.141129 -0.311223 0
0.170061 -0.177721 -0.274939 0
0.201697 -0.141129 0.052106 0
0.175240 -0.177721 0.052106 0
-0.174677 -0.177721 0.092438 0
-0.201964 -0.141129 -0.311223 0
0.201697 -0.177721 0.052106 0
-0.168420 -0.177721 -0.274939 0
-0.168420 -0.177721 -0.311223 0
0.140009 -0.141129 0.052106 0
0.201697 0.262617 0.092438 0
0.201697 -0.504766 0.052106 0
0.175240 -0.177721 0.092438 0
-0.174677 -0.177721 0.052106 0
-0.168420 -0.504766 -0.311223 0
0.140009 -0.141129 0.092438 0
0.140009 0.247614 0.052106 0
0.201697 0.262617 0.052106 0
0.175240 -0.504766 0.052106 0
0.175240 -0.504766 0.092438 0
-0.174677 -0.504766 0.052106 0
-0.201964 -0.177721 -0.274939 0
-0.201964 -0.504766 -0.311223 0
0.035972 -0.141129 0.052106 0
0.170425 0.278756 0.052106 0
0.201697 -0.504766 0.092438 0
-0.140275 -0.141129 0.092438 0
-0.174677 -0.504766 0.092438 0
-0.201964 -0.177721 0.052106 0
-0.201964 -0.504766 -0.274939 0
-0.168420 -0.504766 -0.274939 0
-0.036240 -0.141129 0.052106 0
0.035972 -0.141129 0.092438 0
0.140009 0.247614 0.092438 0
0.106464 0.261115 0.052106 0
0.170425 0.278756 0.092438 0
0.071647 0.270877 0.052106 0
-0.201964 0.262617 0.092438 0
-0.201964 -0.504766 0.092438 0
-0.201964 -0.504766 0.052106 0
-0.201964 -0.141129 0.052106 0
-0.036240 -0.141129 0.092438 0
-0.036240 0.276780 0.052106 0
0.035972 0.276780 0.092438 0
0.106464 0.261115 0.092438 0
0.137874 0.292128 0.052106 0
0.071647 0.270877 0.092438 0
0.035972 0.276780 0.052106 0
-0.140275 0.247614 0.092438 0
-0.140275 -0.141129 0.052106 0
0.137874 0.292128 0.092438 0
-0.138141 0.292128 0.052106 0
-0.170693 0.278756 0.052106 0
-0.201964 0.262617 0.052106 0
-0.106732 0.261115 0.092438 0
-0.036240 0.276780 0.092438 0
0.104288 0.302634 0.052106 0
-0.170693 0.278756 0.092438 0
-0.104554 0.302634 0.052106 0
-0.140275 0.247614 0.052106 0
-0.106732 0.261115 0.052106 0
-0.071914 0.270877 0.092438 0
-0.071914 0.270877 0.052106 0
0.104288 0.302634 0.092438 0
-0.138141 0.292128 0.092438 0
-0.104554 0.302634 0.092438 0
0.069919 0.310196 0.052106 0
-0.070186 0.310196 0.052106 0
-0.070186 0.310196 0.092438 0
0.069919 0.310196 0.092438 0
0.035024 0.314755 0.052106 0
-0.035291 0.314755 0.052106 0
-0.035291 0.314755 0.092438 0
0.035024 0.314755 0.092438 0
-0.000134 0.316280 0.052106 0
-0.000134 0.316280 0.092438 1
